20190001
20190002
20190003
20190004

20190005
20190006
20190007
20190008
20190009
20190010
20190011
20190012
20190013
20190014
20190015
20190016
20190017
20190018
20190019
20190020
20190021
20190022
20190023
20190024
20190025
20190026
20190027
20190028
20190029
20190030
20190031
20190032
20190033
20190034
20190035
20190036
20190037
20190038
20190039
20190040
20190041
20190042
20190043
20190044
20190045
20190046
20190047
20190048
20190049
20190050
20190051
20190052
20190053
20190054
20190055
20190056