20201100000
20201100001
20201100002
20201100003
20201100004
20201100005
20201100006
20201100007
20201100008
20201100009
20201100010
20201100011
20201100012
20201100013
20201100014
20201100015
20201100015
20201100016
20201100017
20201100018
20201100019
20201100020
20201100021
20201100022
20201100023
20201100024
20201100025
20201100026
20201100027
20201100028
20201100029
20201100030
20201100031
20201100032
20201100032
20201100033
20201100034
20201100035
20201100036
20201100037
20201100038
20201100039
20201100040
20201100041
20201100042
20201100043
20201100044
20201100045
20201100046
20201100047
20201100048
20201100049
20201100050
20201100051
20201100052
20201100053
20201100054
20201100055
20201100056
20201100057
20201100058
20201100059
20201100060
20201100061
20201100062
20201100063
20201100064
20201100065
20201100066
20201100067
20201100068
20201100069
20201100070
20201100071
20201100072
20201000008
20201000009
20201000009
20201000010
20201000011
20201000012
20201000013
20201000014
20201000015
20201000016
20201000017
20201000018
20201000019
20201000020
20201000021
20201000022
20201000023
20201000024
20201000025
20201000026
20201000027
20201000028
20201000029
20201000030
20201000031
20201000032
20201000033
20201000034
20201000035
20201000036
20201000037
20201000038