20201000000
20201000001
20201000002
20201000003
20201000004
20201000005
20201000006
20201000006
20201000007
20201000008
20201000009
20201000010
20201000011
20201000012
20201000013
20201000014
20201000015
20201000016
20201000017
20201000008
20201000009
20201000010
20201000011
20201000008
20201000009
20201000010
20201000011
20201000012
20201000013
20201000014
20201000015
20201000016
20201000017
20201000018
20201000019
20201000020
20201000021
20201000022
20201000023
20201000024
20201000025
20201000026
20201000027
20201000028
20201000029
20201000030
20201000031
20201000032
20201000033
20201000034
20201000034
20201000035
20201000036
20201000037
20201000038
20201000039
20201000040
20201000041
20201000042
20201000043
20201000044
20201000045
20201000046
20201000047
20201000048
20201000049
20201000050
20201000051
20201000052
20201000053