20201200000
20201200001
20201200002
20201200003
20201200004
20201200005
20201200006
20201200007
20201200008
20201200009
20201200010
20201200010
20201200011
20201200012
20201200013
20201200014
20201200014
20201200015
20201200016
20201200017
20201200018
20201200018
20201200018
20201200019
20201200020
20201200021
20201200022
20201200023
20201200024
20201200025
20201200026
20201200027
20201200028
20201200029
20201200030
20201200031
20201200032
20201200033
20201200034
20201200035
20201200036
20201200037
20201200038
20201200039
20201200040
20201200041
20201200042
20201200043
20201200044
20201200045
20201200046
20201200047
20201200048
20201000008
20201000009
20201000010
20201000011
20201000012
20201000013
20201000014
20201000015
20201000016
20201000017
20201000018
20201000019
20201000020
20201200021